0 0.210823 0.824411 0.107586 0.635332 0.316101 0.497455 0.419338 0.686534
1 0.532960 0.934830 0.497888 0.935975 0.487127 0.536952 0.522199 0.535807
0 0.899116 0.619246 0.795753 0.819479 0.543732 0.661926 0.647095 0.461693
1 0.844257 0.262802 0.862322 0.295889 0.551385 0.501492 0.533319 0.468405
0 0.591044 0.930806 0.432190 0.935994 0.425206 0.677041 0.584060 0.671853
1 0.141970 0.306456 0.158707 0.272533 0.486171 0.468197 0.469434 0.502120
0 0.811202 0.203833 0.896961 0.360902 0.697353 0.492889 0.611593 0.335821
1 0.858525 0.705057 0.841199 0.738620 0.525790 0.541439 0.543116 0.507876
1 0.161937 0.750461 0.143872 0.717374 0.463269 0.506178 0.481335 0.539265
0 0.104969 0.380432 0.193902 0.200180 0.410607 0.329664 0.321674 0.509916
1 0.480736 0.062818 0.515798 0.061740 0.525927 0.460783 0.490865 0.461861
0 0.433146 0.076244 0.561020 0.072313 0.569822 0.419079 0.441948 0.423010
